1  2.52722e-157  8  0  1  0.08  30  -0.6575  0.3249  2.3  0.78  0.43  2  20  2.3  4  3.5  1  1  2.5  7.475e+14  1e+16  1e+12  100  1.4  7.9e-08  8.9e-08  1e+07  -3.5  1.46e+10  0.24  0.76  5778  2.26e-14  1e+10  3300  2250  
1  2.43196e-152  8  0  0.861733  0.08  30  -0.6575  0.3249  2.3  0.78  0.43  2  20  2.3  4  3.5  1  1  2.5  7.475e+14  1e+16  1e+12  100  1.4  7.9e-08  8.9e-08  1e+07  -3.5  1.46e+10  0.24  0.76  5778  2.26e-14  1e+10  3300  2250  
1  4.05004e-149  8  0  0.800202  0.08  30  -0.6575  0.3249  2.3  0.78  0.43  2  20  2.3  4  3.5  1  1  2.5  7.475e+14  1e+16  1e+12  100  1.4  7.9e-08  8.9e-08  1e+07  -3.5  1.46e+10  0.24  0.76  5778  2.26e-14  1e+10  3300  2250  
1  4.05004e-149  8  0  0.800202  0.08  30  -0.6575  0.3249  2.3  0.78  0.43  2  20  2.3  4  3.5  1  1  2.5  7.475e+14  1e+16  1e+12  100  1.4  7.9e-08  8.9e-08  1e+07  -3.5  1.46e+10  0.24  0.76  5778  2.26e-14  1e+10  3300  2250  
1  1.16644e-110  8  0  0.800202  0.148659  30  -0.6575  0.3249  2.3  0.78  0.43  2  20  2.3  4  3.5  1  1  2.5  7.475e+14  1e+16  1e+12  100  1.4  7.9e-08  8.9e-08  1e+07  -3.5  1.46e+10  0.24  0.76  5778  2.26e-14  1e+10  3300  2250  
1  1.16644e-110  8  0  0.800202  0.148659  30  -0.6575  0.3249  2.3  0.78  0.43  2  20  2.3  4  3.5  1  1  2.5  7.475e+14  1e+16  1e+12  100  1.4  7.9e-08  8.9e-08  1e+07  -3.5  1.46e+10  0.24  0.76  5778  2.26e-14  1e+10  3300  2250  
1  2.43242e-110  8.18474  0  0.800202  0.148659  30  -0.6575  0.3249  2.3  0.78  0.43  2  20  2.3  4  3.5  1  1  2.5  7.475e+14  1e+16  1e+12  100  1.4  7.9e-08  8.9e-08  1e+07  -3.5  1.46e+10  0.24  0.76  5778  2.26e-14  1e+10  3300  2250  
1  2.43242e-110  8.18474  0  0.800202  0.148659  30  -0.6575  0.3249  2.3  0.78  0.43  2  20  2.3  4  3.5  1  1  2.5  7.475e+14  1e+16  1e+12  100  1.4  7.9e-08  8.9e-08  1e+07  -3.5  1.46e+10  0.24  0.76  5778  2.26e-14  1e+10  3300  2250  
1  2.43242e-110  8.18474  0  0.800202  0.148659  30  -0.6575  0.3249  2.3  0.78  0.43  2  20  2.3  4  3.5  1  1  2.5  7.475e+14  1e+16  1e+12  100  1.4  7.9e-08  8.9e-08  1e+07  -3.5  1.46e+10  0.24  0.76  5778  2.26e-14  1e+10  3300  2250  
1  2.43242e-110  8.18474  0  0.800202  0.148659  30  -0.6575  0.3249  2.3  0.78  0.43  2  20  2.3  4  3.5  1  1  2.5  7.475e+14  1e+16  1e+12  100  1.4  7.9e-08  8.9e-08  1e+07  -3.5  1.46e+10  0.24  0.76  5778  2.26e-14  1e+10  3300  2250  
1  2.43242e-110  8.18474  0  0.800202  0.148659  30  -0.6575  0.3249  2.3  0.78  0.43  2  20  2.3  4  3.5  1  1  2.5  7.475e+14  1e+16  1e+12  100  1.4  7.9e-08  8.9e-08  1e+07  -3.5  1.46e+10  0.24  0.76  5778  2.26e-14  1e+10  3300  2250  
