z_ini  8 0.2 3 10
z_min  0 0 0 0
z_max  1 0.1 0 2
m_min  0.08 0.5 0 2
m_max  30 1 10 50
x0  -0.6575 1 0 0
D  0.3249 1 0 0
a  2.3 1 0 0
alpha  0.78 1 0 0
m1  0.43 1 0 0
m2  2 1 0 0
m3  20 1 0 0
a1  2.3 1 0 0
a2  4 1 0 0
a3  3.5 1 0 0
a4  1 1 0 0
k2  1 1 0 0
lt  2.5 1 0 0
r_in  747500000000000 1 0 0
r_out  10000000000000000 1 0 0
clodense  1000000000000 1 0 0
gtd  100 1 0 0
mw  1.4 1 0 0
a_min  0.000000079 1 0 0
a_max  0.000000089 1 0 0
clolife  10000000 1 0 0
dusta  -3.5 1 0 0
H_rev_y 14600000000 1 0 0
O_Mat 0.24 1 0 0
O_De 0.76 1 0 0
T_sol 5778 1 0 0
R_sol 0.0000000000000226 1 0 0
Time_sol 10000000000 1 0 0
p_sil 3300 1 0 0
p_gra 2250 1 0 0
