10.295   1.78379e-220
10.905   6.75645e-208
11.555   5.86857e-196
12.24   9.44351e-185
12.965   3.49476e-174
13.735   3.49272e-164
14.545   8.25913e-155
15.405   6.13297e-146
16.32   1.57193e-137
17.285   1.25129e-129
18.31   3.75528e-122
19.395   4.22414e-115
20.54   1.80341e-108
21.76   3.5489e-102
23.05   3.00383e-96
24.415   1.16135e-90
25.865   2.24568e-85
27.395   2.08806e-80
29.015   1.01483e-75
30.735   2.746e-71
32.56   4.23276e-67
34.49   3.7186e-63
36.53   1.91842e-59
38.695   6.19258e-56
40.99   1.26998e-52
43.42   1.68247e-49
45.995   1.48382e-46
48.72   8.8367e-44
51.605   3.64523e-41
54.66   1.06478e-38
57.9   2.26326e-36
61.335   3.55349e-34
64.965   4.12823e-32
68.81   3.65122e-30
72.89   2.5139e-28
77.21   1.35356e-26
81.785   5.78371e-25
86.635   1.99374e-23
91.77   5.58629e-22
97.205   1.28617e-20
102.95   2.45214e-19
109.05   3.96246e-18
115.55   5.51926e-17
122.4   6.49505e-16
129.65   6.59536e-15
137.35   5.87032e-14
145.45   4.52476e-13
154.05   3.10365e-12
163.2   1.91211e-11
172.85   1.04809e-10
183.1   5.20711e-10
193.95   2.34455e-09
205.4   9.58303e-09
217.6   3.62158e-08
230.5   1.25796e-07
244.15   4.04029e-07
258.65   1.21032e-06
273.95   3.37137e-06
290.15   8.80235e-06
307.35   2.16727e-05
325.6   5.04457e-05
344.9   0.000111061
365.3   0.000231996
386.95   0.000462561
409.9   0.000881854
434.2   0.00161059
459.95   0.00282648
487.2   0.00477422
516.05   0.00778183
546.6   0.0122679
579   0.0187554
613.35   0.0278522
649.65   0.0402013
688.1   0.05655
728.9   0.0776902
772.1   0.104324
817.85   0.137136
866.35   0.176758
917.7   0.22361
972.05   0.277979
1029.5   0.339908
1090.5   0.409648
1155.5   0.487315
1224   0.571684
1296.5   0.662556
1373.5   0.759623
1454.5   0.861212
1540.5   0.967456
1632   1.07777
1728.5   1.19037
1831   1.30527
1939.5   1.42146
2054   1.53828
2176   1.65714
2305   1.77837
2441.5   1.90488
2586.5   2.04225
2739.5   2.19765
2901.5   2.38342
3073.5   2.61649
3256   2.91797
3449   3.31205
3653   3.82609
3869.5   4.49129
4099   5.33498
4342   6.37909
4599.5   7.63923
4872   9.11737
5160.5   10.8045
5466   12.6772
5790   14.701
6133.5   16.8253
6496.5   18.9835
6881   21.1145
7289   23.1541
7721   25.0319
8178.5   26.6892
8663.5   28.0779
9177   29.1584
9720.5   29.9069
10295   30.3137
10905   30.3833
11555   30.1265
12240   29.5709
12965   28.7491
13735   27.6954
14545   26.4616
15405   25.0786
16320   23.5827
17285   22.0253
18310   20.4301
19395   18.8332
20540   17.2653
21760   15.7331
23050   14.2658
24415   12.8747
25865   11.5637
27395   10.3471
29015   9.22269
30735   8.18821
32560   7.24347
34490   6.3886
36530   5.61937
38695   4.92779
40990   4.30968
43420   3.76018
45995   3.27314
48720   2.84353
51605   2.4656
54660   2.13403
57900   1.84353
61335   1.5898
64965   1.3694
68810   1.17788
72890   1.01153
77210   0.867652
81785   0.743401
86635   0.636173
91770   0.543898
97205   0.464619
102950   0.396668
109050   0.338238
115550   0.287919
122400   0.245113
129650   0.208554
137350   0.177256
145450   0.150732
154050   0.12805
163200   0.108644
172850   0.0921986
183100   0.0781692
193950   0.0662524
205400   0.0561625
217600   0.0475436
230500   0.0402448
244150   0.0340605
258650   0.0288035
273950   0.0243661
290150   0.0206073
307350   0.0174166
325600   0.0147121
344900   0.0124281
365300   0.0104999
386950   0.00886609
409900   0.00748404
434200   0.00631668
459950   0.00533011
487200   0.0044976
516050   0.00379482
546600   0.00320151
579000   0.00270001
613350   0.00227643
649650   0.00191983
688100   0.00161889
728900   0.00136455
772100   0.00115013
817850   0.000969343
866350   0.000816787
917700   0.000688236
972050   0.000579946
1.0295e+06   0.000488824
1.0905e+06   0.000411815
1.1555e+06   0.000346568
1.224e+06   0.000291905
1.2965e+06   0.000245882
1.3735e+06   0.000207011
1.4545e+06   0.00017448
1.5405e+06   0.00014699
1.632e+06   0.000123731
1.7285e+06   0.000104225
1.831e+06   8.7749e-05
1.9395e+06   7.3883e-05
2.054e+06   6.22445e-05
2.176e+06   5.23841e-05
2.305e+06   4.40982e-05
2.4415e+06   3.71285e-05
2.5865e+06   3.12443e-05
2.7395e+06   2.63094e-05
2.9015e+06   2.21544e-05
3.0735e+06   1.86476e-05
3.256e+06   1.5691e-05
3.449e+06   1.32068e-05
3.653e+06   1.11196e-05
3.8695e+06   9.35897e-06
4.099e+06   7.87596e-06
4.342e+06   6.62834e-06
4.5995e+06   5.57791e-06
4.872e+06   4.69465e-06
5.1605e+06   3.95152e-06
5.466e+06   3.32613e-06
5.79e+06   2.79908e-06
6.1335e+06   2.35517e-06
6.4965e+06   1.98244e-06
6.881e+06   1.66867e-06
7.289e+06   1.40411e-06
7.721e+06   1.18158e-06
8.1785e+06   9.9434e-07
8.6635e+06   8.36651e-07
9.177e+06   7.04023e-07
9.7205e+06   5.92494e-07